0.9983956121,0.0061079444,0.0562929379,-0.1892272172,-0.0566225149,0.1130393521,0.9919758040,-0.1140410219,-0.0003043842,-0.9935717377,0.1132038403,0.0702579359,0.0000000000,0.0000000000,0.0000000000,1.0000000000
0.9984024397,0.0061968622,0.0561619733,-0.1889763567,-0.0565024517,0.1130723945,0.9919788841,-0.1153436966,-0.0002032124,-0.9935674273,0.1132418925,0.0697170738,0.0000000000,0.0000000000,0.0000000000,1.0000000000
0.9983974908,0.0062287816,0.0562463571,-0.1884421889,-0.0565899363,0.1129087088,0.9919925416,-0.1154576001,-0.0001717986,-0.9935858422,0.1130802579,0.0711152020,0.0000000000,0.0000000000,0.0000000000,1.0000000000
0.9983936073,0.0062009189,0.0563183223,-0.1888034558,-0.0566582587,0.1130516271,0.9919723642,-0.1149018652,-0.0002157378,-0.9935697651,0.1132213550,0.0701637514,0.0000000000,0.0000000000,0.0000000000,1.0000000000
0.9983915632,0.0061876103,0.0563560107,-0.1899131964,-0.0566942514,0.1128168896,0.9919970319,-0.1154330111,-0.0002198188,-0.9935965292,0.1129862327,0.0718717544,0.0000000000,0.0000000000,0.0000000000,1.0000000000
0.9983897331,0.0061546604,0.0563920288,-0.1893299398,-0.0567262898,0.1129170689,0.9919838021,-0.1154027925,-0.0002622992,-0.9935853540,0.1130843733,0.0713701227,0.0000000000,0.0000000000,0.0000000000,1.0000000000
0.9983972433,0.0063692251,0.0562350199,-0.1889613048,-0.0565945498,0.1130219582,0.9919793818,-0.1137937596,-0.0000376521,-0.9935720759,0.1132012749,0.0697881341,0.0000000000,0.0000000000,0.0000000000,1.0000000000
0.9983936178,0.0063385225,0.0563028154,-0.1892346834,-0.0566584365,0.1129886739,0.9919795266,-0.1145109218,-0.0000738959,-0.9935760578,0.1131663016,0.0702630608,0.0000000000,0.0000000000,0.0000000000,1.0000000000
0.9983942392,0.0061143942,0.0563165816,-0.1898858257,-0.0566467463,0.1130077744,0.9919780184,-0.1153570384,-0.0002988669,-0.9935752901,0.1131726715,0.0709611602,0.0000000000,0.0000000000,0.0000000000,1.0000000000
0.9983973134,0.0061914293,0.0562536291,-0.1898100095,-0.0565929364,0.1129155021,0.9919915972,-0.1149937185,-0.0002100609,-0.9935853036,0.1130849251,0.0710563563,0.0000000000,0.0000000000,0.0000000000,1.0000000000
0.9983955975,0.0061915387,0.0562840632,-0.1894946884,-0.0566231885,0.1129118119,0.9919902909,-0.1148431977,-0.0002131893,-0.9935857223,0.1130812406,0.0715614946,0.0000000000,0.0000000000,0.0000000000,1.0000000000
0.9983952483,0.0062821170,0.0562802197,-0.1894882642,-0.0566296122,0.1129151559,0.9919895436,-0.1134328630,-0.0001230954,-0.9935847737,0.1130897090,0.0714464785,0.0000000000,0.0000000000,0.0000000000,1.0000000000
0.9983971193,0.0061425357,0.0562624334,-0.1893359110,-0.0565961566,0.1129102839,0.9919920075,-0.1137138167,-0.0002592610,-0.9935862001,0.1130769461,0.0718409705,0.0000000000,0.0000000000,0.0000000000,1.0000000000
0.9984001020,0.0058835657,0.0562371762,-0.1891062537,-0.0565417846,0.1129011414,0.9919961486,-0.1148534450,-0.0005127668,-0.9935888063,0.1130531784,0.0725018893,0.0000000000,0.0000000000,0.0000000000,1.0000000000
0.9984001668,0.0063164684,0.0561890476,-0.1873003825,-0.0565429087,0.1129284218,0.9919929793,-0.1141776608,-0.0000794482,-0.9935830483,0.1131049067,0.0709749462,0.0000000000,0.0000000000,0.0000000000,1.0000000000
0.9984023913,0.0062517092,0.0561567547,-0.1882454565,-0.0565034996,0.1129218433,0.9919959737,-0.1156364562,-0.0001396539,-0.9935842055,0.1130946818,0.0719201946,0.0000000000,0.0000000000,0.0000000000,1.0000000000
0.9983964107,0.0063818845,0.0562483664,-0.1892173256,-0.0566092443,0.1129955337,0.9919815537,-0.1129931741,-0.0000251025,-0.9935750001,0.1131756089,0.0698291577,0.0000000000,0.0000000000,0.0000000000,1.0000000000
0.9983985673,0.0063487034,0.0562138302,-0.1887676796,-0.0565711759,0.1129747679,0.9919860906,-0.1128671878,-0.0000529189,-0.9935775741,0.1131530000,0.0701294982,0.0000000000,0.0000000000,0.0000000000,1.0000000000
0.9983967373,0.0063867298,0.0562420177,-0.1880029399,-0.0566034822,0.1131090437,0.9919689461,-0.1151449784,-0.0000260432,-0.9935620534,0.1132892114,0.0698190109,0.0000000000,0.0000000000,0.0000000000,1.0000000000
0.9984039215,0.0062368171,0.0561312006,-0.1887857905,-0.0564764141,0.1129940259,0.9919892967,-0.1144168839,-0.0001556345,-0.9935760928,0.1131659116,0.0709032545,0.0000000000,0.0000000000,0.0000000000,1.0000000000
0.9983999665,0.0063165897,0.0561925930,-0.1889898760,-0.0565464417,0.1129693659,0.9919881160,-0.1166422887,-0.0000820597,-0.9935783930,0.1131457918,0.0702589737,0.0000000000,0.0000000000,0.0000000000,1.0000000000
0.9985888574,0.0059396055,0.0527732416,-0.1882041253,-0.0531064131,0.1126818630,0.9922109184,-0.1143529741,-0.0000532457,-0.9936133649,0.1128382840,0.0732881039,0.0000000000,0.0000000000,0.0000000000,1.0000000000
0.9988487815,0.0053846763,0.0476667270,-0.1874357722,-0.0479698996,0.1124982623,0.9924933399,-0.1079991173,-0.0000181686,-0.9936373313,0.1126270546,0.0756921713,0.0000000000,0.0000000000,0.0000000000,1.0000000000
0.9991273190,0.0046791756,0.0415054903,-0.1913411889,-0.0417684086,0.1124342891,0.9927809077,-0.1073962425,-0.0000212441,-0.9936481449,0.1125316116,0.0768569533,0.0000000000,0.0000000000,0.0000000000,1.0000000000
0.9995118050,0.0033340896,0.0310650212,-0.1984901168,-0.0312428875,0.1124992225,0.9931605142,-0.1121848958,-0.0001835046,-0.9936462191,0.1125484675,0.0766891783,0.0000000000,0.0000000000,0.0000000000,1.0000000000
0.9999991998,-0.0009972209,-0.0007783729,-0.2093029075,0.0008859612,0.1128761474,0.9936086707,-0.1010110359,-0.0009029876,-0.9936085652,0.1128769406,0.0735658608,0.0000000000,0.0000000000,0.0000000000,1.0000000000
0.9989870247,-0.0075396509,-0.0443630257,-0.2178929767,0.0449309580,0.1128696370,0.9925933982,-0.0682880542,-0.0024765691,-0.9935811989,0.1130940666,0.0687535506,0.0000000000,0.0000000000,0.0000000000,1.0000000000
0.9959581175,-0.0120242562,-0.0890103676,-0.2536436244,0.0898000416,0.1130163465,0.9895267849,-0.0482046436,-0.0018386970,-0.9935203685,0.1136393264,0.0671708373,0.0000000000,0.0000000000,0.0000000000,1.0000000000
0.9694220824,-0.0347449621,-0.2429271778,-0.3351823269,0.2453071543,0.1100760618,0.9631758202,0.0442448315,-0.0067250404,-0.9933156841,0.1152333528,0.0644021568,0.0000000000,0.0000000000,0.0000000000,1.0000000000
0.9529809469,-0.0458787443,-0.2995370689,-0.3730451718,0.3028184564,0.1072326879,0.9469963744,0.0795051121,-0.0113268395,-0.9931748544,0.1160836390,0.0667635027,0.0000000000,0.0000000000,0.0000000000,1.0000000000
0.9255021274,-0.0567552597,-0.3744658230,-0.4259336848,0.3784803095,0.1018158770,0.9199924905,0.1256628698,-0.0140878465,-0.9931829477,0.1157115591,0.0669453523,0.0000000000,0.0000000000,0.0000000000,1.0000000000
0.8774898295,-0.0706807838,-0.4743583308,-0.5161135314,0.4793195251,0.0957128531,0.8724057786,0.1726809373,-0.0162601350,-0.9928964078,0.1178657349,0.0620873150,0.0000000000,0.0000000000,0.0000000000,1.0000000000
0.8561625740,-0.0766508924,-0.5109895180,-0.5585119292,0.5164146651,0.0937007038,0.8511968467,0.2023460079,-0.0173649205,-0.9926453641,0.1198066807,0.0596590192,0.0000000000,0.0000000000,0.0000000000,1.0000000000
0.7159204754,-0.1057532914,-0.6901261582,-0.9046346074,0.6977983185,0.0756222178,0.7122912233,0.3889135272,-0.0231382707,-0.9915127440,0.1279339631,0.0649234143,0.0000000000,0.0000000000,0.0000000000,1.0000000000
0.6729995165,-0.1112740194,-0.7312248241,-1.0164129279,0.7392431884,0.0686951054,0.6699257353,0.4552008595,-0.0243137629,-0.9914126664,0.1284903336,0.0611486441,0.0000000000,0.0000000000,0.0000000000,1.0000000000
0.6092767268,-0.1175192599,-0.7842009269,-1.2170165551,0.7926103945,0.0609918585,0.6066702198,0.5453273606,-0.0234655632,-0.9911958519,0.1303079068,0.0563000073,0.0000000000,0.0000000000,0.0000000000,1.0000000000
0.5862837105,-0.1191449121,-0.8012963876,-1.2910396398,0.8097878989,0.0584851266,0.5838005213,0.5792734181,-0.0226929411,-0.9911528540,0.1307709850,0.0528688519,0.0000000000,0.0000000000,0.0000000000,1.0000000000
0.5002351487,-0.1265209344,-0.8565963163,-1.5659179007,0.8654107146,0.0401555926,0.4994515226,0.6837618053,-0.0287939406,-0.9911508369,0.1295798111,0.0502863091,0.0000000000,0.0000000000,0.0000000000,1.0000000000
0.3997922400,-0.1334156656,-0.9068442121,-1.9317682256,0.9161619082,0.0273772575,0.3998722842,0.7664681916,-0.0285223194,-0.9906819600,0.1331755659,0.0477854618,0.0000000000,0.0000000000,0.0000000000,1.0000000000
0.3211220057,-0.1357589091,-0.9372567290,-2.2230141413,0.9465342602,0.0137389293,0.3223106206,0.8105233999,-0.0308796343,-0.9906466375,0.1329123311,0.0529390534,0.0000000000,0.0000000000,0.0000000000,1.0000000000
0.2483617207,-0.1410235003,-0.9583469247,-2.5074781052,0.9683151284,0.0094667585,0.2495519836,0.8244957934,-0.0261202554,-0.9899609855,0.1389063693,0.0393082267,0.0000000000,0.0000000000,0.0000000000,1.0000000000
0.1981468704,-0.1449531588,-0.9693948625,-2.6882420298,0.9797508054,0.0002881248,0.2002205693,0.8360619519,-0.0287432973,-0.9894384765,0.1420750650,0.0461095159,0.0000000000,0.0000000000,0.0000000000,1.0000000000
0.1376563304,-0.1448654723,-0.9798289288,-2.8788510940,0.9899480841,-0.0122951307,0.1408957793,0.8388328427,-0.0324580583,-0.9893749667,0.1417167942,0.0456192254,0.0000000000,0.0000000000,0.0000000000,1.0000000000
0.0646579313,-0.1404469992,-0.9879746922,-3.1315714831,0.9972267470,-0.0274691547,0.0691683495,0.8111016625,-0.0368533168,-0.9897070708,0.1382814054,0.0449594804,0.0000000000,0.0000000000,0.0000000000,1.0000000000
0.0364363189,-0.1401226084,-0.9894635159,-3.2630191541,0.9985518798,-0.0341096106,0.0416014150,0.7887480518,-0.0395795140,-0.9895464563,0.1386768653,0.0555063266,0.0000000000,0.0000000000,0.0000000000,1.0000000000
-0.0005274607,-0.1446404067,-0.9894841457,-3.5673156672,0.9992808158,-0.0375928748,0.0049625529,0.7375724335,-0.0379153393,-0.9887699068,0.1445562124,0.0524853154,0.0000000000,0.0000000000,0.0000000000,1.0000000000
-0.0227074894,-0.1464890536,-0.9889516303,-3.8937778116,0.9991322525,-0.0378730622,-0.0173312784,0.6841389129,-0.0349157840,-0.9884870198,0.1472219403,0.0542214695,0.0000000000,0.0000000000,0.0000000000,1.0000000000
-0.0185621350,-0.1499527276,-0.9885189055,-4.1773956612,0.9991440550,-0.0393377994,-0.0127943294,0.6463823618,-0.0369676138,-0.9879102778,0.1505545699,0.0483994308,0.0000000000,0.0000000000,0.0000000000,1.0000000000
0.0535036982,-0.1531450066,-0.9867542557,-4.3877772573,0.9979898686,-0.0254098439,0.0580565416,0.6160068310,-0.0339643411,-0.9878769897,0.1514776444,0.0447063598,0.0000000000,0.0000000000,0.0000000000,1.0000000000
0.2030699235,-0.1495724327,-0.9676728236,-4.5825072047,0.9785830092,-0.0030446972,0.2058300851,0.6692896644,-0.0337327773,-0.9887460833,0.1457507549,0.0424405613,0.0000000000,0.0000000000,0.0000000000,1.0000000000
0.3919008963,-0.1440989025,-0.9086524053,-4.8006552694,0.9192164341,0.0203828843,0.3932247261,0.7925539852,-0.0381422946,-0.9893533465,0.1404461499,0.0571083904,0.0000000000,0.0000000000,0.0000000000,1.0000000000
0.5458151917,-0.1297965370,-0.8277914203,-4.9578140409,0.8371430214,0.0423341070,0.5453433645,0.9544165424,-0.0357398696,-0.9906365037,0.1317648638,0.0520528245,0.0000000000,0.0000000000,0.0000000000,1.0000000000
0.5713002256,-0.1274691705,-0.8107821303,-4.9994730080,0.8199648344,0.0456880870,0.5705876524,0.9967953561,-0.0356892503,-0.9907896897,0.1306218517,0.0493167170,0.0000000000,0.0000000000,0.0000000000,1.0000000000
0.7307621839,-0.1103847957,-0.6736481481,-5.2634577793,0.6816452093,0.0649507573,0.7287943522,1.3441811168,-0.0366938583,-0.9917643853,0.1227068244,0.0347667100,0.0000000000,0.0000000000,0.0000000000,1.0000000000
0.8227559970,-0.0907686480,-0.5611003670,-5.4419941236,0.5676365087,0.0802408567,0.8193596273,1.6308645323,-0.0293489915,-0.9926341005,0.1175422445,0.0226848264,0.0000000000,0.0000000000,0.0000000000,1.0000000000
0.8789633372,-0.0776648858,-0.4705227065,-5.5635885453,0.4761291136,0.0872282485,0.8750384562,1.8445971932,-0.0269168902,-0.9931562808,0.1136489456,0.0190131090,0.0000000000,0.0000000000,0.0000000000,1.0000000000
0.9291407319,-0.0607273072,-0.3647049417,-5.6883178050,0.3691207664,0.0959309068,0.9244171791,2.1690202187,-0.0211508902,-0.9935338219,0.1115490231,0.0025625171,0.0000000000,0.0000000000,0.0000000000,1.0000000000
0.9541187342,-0.0533756368,-0.2946327924,-5.7461217949,0.2986355564,0.0980649424,0.9493155806,2.3924953309,-0.0217771759,-0.9937476080,0.1095054617,-0.0063705130,0.0000000000,0.0000000000,0.0000000000,1.0000000000
0.9854691817,-0.0289896920,-0.1673621512,-5.8392037023,0.1695162861,0.1057257290,0.9798399354,2.8403082830,-0.0107107725,-0.9939726696,0.1091036726,-0.0076986374,0.0000000000,0.0000000000,0.0000000000,1.0000000000
0.9894299236,-0.0252682992,-0.1427933451,-5.8518668421,0.1446819929,0.1056400772,0.9838227965,2.9542129183,-0.0097748288,-0.9940833401,0.1081793214,-0.0150624298,0.0000000000,0.0000000000,0.0000000000,1.0000000000
0.9916336157,-0.0229330785,-0.1270308863,-5.8631788488,0.1287555402,0.1055278107,0.9860455831,3.0356175738,-0.0092077694,-0.9941518773,0.1075976854,-0.0210977325,0.0000000000,0.0000000000,0.0000000000,1.0000000000
0.9981479447,-0.0080492260,-0.0602983448,-5.8978120384,0.0608190758,0.1106685987,0.9919947083,3.4758825917,-0.0013116562,-0.9938247689,0.1109531808,-0.0536695594,0.0000000000,0.0000000000,0.0000000000,1.0000000000
0.9994878478,-0.0022632749,-0.0319205207,-5.9531072527,0.0319716499,0.1130875894,0.9930704964,3.9502180215,0.0013622232,-0.9935824449,0.1131020320,-0.0681334465,0.0000000000,0.0000000000,0.0000000000,1.0000000000
0.9995806300,-0.0047977423,-0.0285577618,-5.9634887764,0.0289184454,0.1138755051,0.9930740621,4.1573296486,-0.0015124839,-0.9934834427,0.1139664924,-0.0716231457,0.0000000000,0.0000000000,0.0000000000,1.0000000000
0.9999987010,-0.0004724303,0.0015410644,-6.0039743231,-0.0014791627,0.1109052389,0.9938298849,4.6110042086,-0.0006404275,-0.9938308733,0.1109043961,-0.0915580558,0.0000000000,0.0000000000,0.0000000000,1.0000000000
0.9999945341,-0.0000795250,0.0033053731,-6.0068637528,-0.0032769052,0.1092385743,0.9940101588,4.6472673876,-0.0004401229,-0.9940155570,0.1092377166,-0.0944109176,0.0000000000,0.0000000000,0.0000000000,1.0000000000
0.9993152008,0.0052921871,0.0366213355,-6.0203923398,-0.0369787765,0.1079682852,0.9934663655,5.1408125257,0.0013036671,-0.9941402528,0.1080900472,-0.1124385603,0.0000000000,0.0000000000,0.0000000000,1.0000000000
0.9988922631,0.0072679999,0.0464911062,-6.0247664921,-0.0470022014,0.1069722636,0.9931504055,5.3124572436,0.0022449582,-0.9942354404,0.1071953785,-0.1221434127,0.0000000000,0.0000000000,0.0000000000,1.0000000000
0.9983414821,0.0095683508,0.0567691091,-6.0261996895,-0.0574636335,0.1057558450,0.9927303924,5.5253666036,0.0034951275,-0.9943460906,0.1061302792,-0.1288237855,0.0000000000,0.0000000000,0.0000000000,1.0000000000
0.9978113620,0.0110272277,0.0651988199,-6.0266827715,-0.0659983431,0.1051370538,0.9922652965,5.7413845461,0.0040871235,-0.9943966010,0.1056347256,-0.1471507151,0.0000000000,0.0000000000,0.0000000000,1.0000000000
0.9977010591,0.0086995853,0.0672079895,-6.0242598979,-0.0677510449,0.1054075985,0.9921184577,5.8246842463,0.0015467863,-0.9943910475,0.1057546786,-0.1465086667,0.0000000000,0.0000000000,0.0000000000,1.0000000000
0.9965065121,0.0129618583,0.0825031002,-6.0386059460,-0.0833836975,0.0990242477,0.9915852749,6.4700253678,0.0046829804,-0.9950005973,0.0997591154,-0.1620417199,0.0000000000,0.0000000000,0.0000000000,1.0000000000
0.9940060506,0.0261823030,0.1061435746,-6.0254179574,-0.1082488187,0.0998127903,0.9891003994,6.9741555689,0.0153024400,-0.9946616982,0.1020487209,-0.1958160157,0.0000000000,0.0000000000,0.0000000000,1.0000000000
0.9970895782,0.0140460961,0.0749338386,-6.0173018631,-0.0759738233,0.1011688244,0.9919641360,7.4576748999,0.0063522553,-0.9947701122,0.1019415160,-0.2093309416,0.0000000000,0.0000000000,0.0000000000,1.0000000000
0.9973285177,0.0172704072,0.0709757758,-6.0279861144,-0.0723680464,0.1014613788,0.9922038372,7.5508735134,0.0099344642,-0.9946895604,0.1024401521,-0.2115295363,0.0000000000,0.0000000000,0.0000000000,1.0000000000
0.9984958400,0.0113449620,0.0536409304,-6.0350363438,-0.0545462763,0.1065803025,0.9928068004,7.8780360966,0.0055462889,-0.9942393731,0.1070388141,-0.2380445700,0.0000000000,0.0000000000,0.0000000000,1.0000000000
0.9995237600,0.0042451305,0.0305652100,-6.0592759027,-0.0308445249,0.1075262901,0.9937236599,8.2166778872,0.0009319230,-0.9941931783,0.1076060208,-0.2453174703,0.0000000000,0.0000000000,0.0000000000,1.0000000000
0.9996882676,0.0029167243,0.0247963759,-6.0969474735,-0.0249661421,0.1070941718,0.9939353752,8.7502806506,0.0002434881,-0.9942446032,0.1071336064,-0.2706661422,0.0000000000,0.0000000000,0.0000000000,1.0000000000
0.9991810543,0.0073103771,0.0397967234,-6.1157342990,-0.0403416091,0.1039835234,0.9937605252,8.9500597744,0.0031265606,-0.9945521531,0.1041932789,-0.2745424825,0.0000000000,0.0000000000,0.0000000000,1.0000000000
0.9981002109,0.0089886471,0.0609522210,-6.1121457401,-0.0615689219,0.1087694290,0.9921584950,9.4120526536,0.0022884243,-0.9940263656,0.1091162114,-0.2978090613,0.0000000000,0.0000000000,0.0000000000,1.0000000000
0.9971354535,0.0089197726,0.0751087548,-6.1140619904,-0.0756331444,0.1081659218,0.9912516133,9.6569122091,0.0007175313,-0.9940928382,0.1085307059,-0.3044100483,0.0000000000,0.0000000000,0.0000000000,1.0000000000
0.9958801546,0.0129904585,0.0897438887,-6.1053769447,-0.0906243678,0.1081683278,0.9899933519,9.9817662628,0.0031530212,-0.9940477156,0.1088999431,-0.3167470358,0.0000000000,0.0000000000,0.0000000000,1.0000000000
0.9941850019,0.0110352820,0.1071186473,-6.0954305837,-0.1076838817,0.1074498992,0.9883616245,10.3253721146,-0.0006030386,-0.9941492553,0.1080134002,-0.3283822617,0.0000000000,0.0000000000,0.0000000000,1.0000000000
0.9875154758,0.0279033199,0.1550309319,-6.0307656441,-0.1570781206,0.1006009832,0.9824489331,11.0073473597,0.0118173227,-0.9945354930,0.1037280289,-0.3696550392,0.0000000000,0.0000000000,0.0000000000,1.0000000000
0.9892511671,0.0267958948,0.1437501599,-6.0132918847,-0.1456558617,0.0938240119,0.9848763500,11.3243733836,0.0129034264,-0.9952281320,0.0967184925,-0.3662550367,0.0000000000,0.0000000000,0.0000000000,1.0000000000
0.9916666292,0.0210615081,0.1270972441,-6.0009607605,-0.1284774511,0.0886896007,0.9877386797,11.6129395194,0.0095310624,-0.9958366169,0.0906564462,-0.3995132575,0.0000000000,0.0000000000,0.0000000000,1.0000000000
0.9923850804,0.0184240664,0.1217883654,-5.9977357741,-0.1229369705,0.0868329581,0.9886083849,11.7907723147,0.0076389425,-0.9960525042,0.0884367310,-0.4096664463,0.0000000000,0.0000000000,0.0000000000,1.0000000000
0.9925158612,0.0180651436,0.1207721652,-5.9967495115,-0.1218904322,0.0865004103,0.9887671119,12.0001283016,0.0074153780,-0.9960880130,0.0880549974,-0.4139603331,0.0000000000,0.0000000000,0.0000000000,1.0000000000
0.9932919944,0.0116325479,0.1150465022,-5.9716481191,-0.1156292876,0.0918415262,0.9890374118,12.4412235139,0.0009389787,-0.9957056884,0.0925705160,-0.4400271796,0.0000000000,0.0000000000,0.0000000000,1.0000000000
0.9957199120,0.0111353909,0.0917488960,-5.9461407905,-0.0922997335,0.0687286871,0.9933564953,13.1746166003,0.0047556317,-0.9975732407,0.0694623159,-0.5039905637,0.0000000000,0.0000000000,0.0000000000,1.0000000000
0.9957068658,0.0076912560,0.0922425168,-5.9933535484,-0.0925615394,0.0779351289,0.9926522438,13.3156803961,0.0004458101,-0.9969287639,0.0783124574,-0.5054097683,0.0000000000,0.0000000000,0.0000000000,1.0000000000
0.9914809292,0.0206198579,0.1286094414,-5.9877964952,-0.1301819633,0.1245137596,0.9836406763,13.4922264134,0.0042688859,-0.9920036014,0.1261373517,-0.4904480239,0.0000000000,0.0000000000,0.0000000000,1.0000000000
0.9871320229,0.0321839390,0.1566351287,-5.9666967656,-0.1597292709,0.1522359311,0.9753516193,13.6792679330,0.0075451624,-0.9878200319,0.1554176797,-0.5120310121,0.0000000000,0.0000000000,0.0000000000,1.0000000000
0.9875901600,0.0246659023,0.1551040590,-5.9295081872,-0.1570474306,0.1467094105,0.9766332236,13.9001129014,0.0013343146,-0.9888720555,0.1487624868,-0.4976079321,0.0000000000,0.0000000000,0.0000000000,1.0000000000
0.9876182163,0.0241679594,0.1550037696,-5.9395536051,-0.1568712614,0.1440145480,0.9770625452,13.9069660343,0.0012908101,-0.9892804050,0.1460226493,-0.4882911176,0.0000000000,0.0000000000,0.0000000000,1.0000000000
0.9875646852,0.0263175800,0.1549947659,-5.9323037093,-0.1571651197,0.1408856688,0.9774714080,14.0469684649,0.0038881407,-0.9896760143,0.1432699168,-0.4945404494,0.0000000000,0.0000000000,0.0000000000,1.0000000000
0.9842351941,0.0351717180,0.1733321465,-5.9253979793,-0.1765662312,0.1384964413,0.9744963323,14.2497192036,0.0102688248,-0.9897381906,0.1425232095,-0.4949663120,0.0000000000,0.0000000000,0.0000000000,1.0000000000
0.9864758817,0.0316275152,0.1608261023,-5.8811139123,-0.1635872148,0.1287674166,0.9780890428,14.6087750602,0.0102253644,-0.9911703449,0.1321998079,-0.5015336069,0.0000000000,0.0000000000,0.0000000000,1.0000000000
0.9921083690,0.0222306502,0.1233968487,-5.8723658913,-0.1251155723,0.1112410563,0.9858861602,15.0970890529,0.0081900946,-0.9935447778,0.1131445835,-0.5165719368,0.0000000000,0.0000000000,0.0000000000,1.0000000000
0.9935962514,0.0223621214,0.1107538929,-5.8650237493,-0.1125640443,0.1109841313,0.9874268877,15.4295709189,0.0097890354,-0.9935705602,0.1127905876,-0.5366921927,0.0000000000,0.0000000000,0.0000000000,1.0000000000
0.9953889908,0.0184904493,0.0941215184,-5.8612384919,-0.0955790441,0.1084658846,0.9894947186,15.8757682214,0.0080872282,-0.9939281942,0.1097330469,-0.5579302266,0.0000000000,0.0000000000,0.0000000000,1.0000000000
0.9958681556,0.0180933118,0.0889901612,-5.8666352445,-0.0904626968,0.1119262226,0.9895903300,15.9888018279,0.0079446338,-0.9935517867,0.1131005306,-0.5593910854,0.0000000000,0.0000000000,0.0000000000,1.0000000000
0.9982206307,0.0105428820,0.0586891823,-5.8933122411,-0.0595169242,0.1159483378,0.9914704830,16.3799443394,0.0036480432,-0.9931992905,0.1163695028,-0.5635617169,0.0000000000,0.0000000000,0.0000000000,1.0000000000
0.9982664822,0.0127219699,0.0574646147,-5.9012093172,-0.0585387577,0.1133770569,0.9918260214,16.4949394563,0.0061028119,-0.9934705806,0.1139252440,-0.5682427812,0.0000000000,0.0000000000,0.0000000000,1.0000000000
0.9982665549,0.0154903887,0.0567796911,-5.9095082805,-0.0581471729,0.1104316860,0.9921813085,16.6098820173,0.0090989971,-0.9937629952,0.1111409811,-0.5728401071,0.0000000000,0.0000000000,0.0000000000,1.0000000000
0.9980804592,0.0108103897,0.0609797699,-5.9037395846,-0.0617756880,0.1041892846,0.9926370723,17.1671335734,0.0043773550,-0.9944987322,0.1046571083,-0.6047720316,0.0000000000,0.0000000000,0.0000000000,1.0000000000
0.9964941462,0.0164158255,0.0820361943,-5.9126831193,-0.0833433764,0.1092153978,0.9905179849,17.6017757498,0.0073005548,-0.9938825472,0.1102006549,-0.6189400674,0.0000000000,0.0000000000,0.0000000000,1.0000000000
0.9895432306,0.0203798639,0.1427895514,-5.8684351807,-0.1441626126,0.1080423759,0.9836381378,18.0528864891,0.0046190890,-0.9939373754,0.1098506161,-0.6435091805,0.0000000000,0.0000000000,0.0000000000,1.0000000000
0.9787186010,0.0256321094,0.2035998404,-5.8229298187,-0.2051817645,0.1066854093,0.9728919092,18.3154030281,0.0032161395,-0.9939623828,0.1096742360,-0.6461478993,0.0000000000,0.0000000000,0.0000000000,1.0000000000
0.9729897375,0.0304969272,0.2288250602,-5.8117324871,-0.2307953555,0.1072676395,0.9670714334,18.4006078666,0.0049471830,-0.9937623413,0.1114088616,-0.6398793206,0.0000000000,0.0000000000,0.0000000000,1.0000000000
0.9454187664,0.0420610992,0.3231318928,-5.6834023052,-0.3257833690,0.1008003072,0.9400555806,18.8185925891,0.0069679769,-0.9940171840,0.1090013087,-0.6743348842,0.0000000000,0.0000000000,0.0000000000,1.0000000000
0.8801929390,0.0642580348,0.4702459942,-5.5469797319,-0.4744341507,0.0916952134,0.8755022698,19.0437716242,0.0131387485,-0.9937116749,0.1111956856,-0.6640340405,0.0000000000,0.0000000000,0.0000000000,1.0000000000
0.8192195329,0.0835638596,0.5673591792,-5.4445862183,-0.5730473620,0.0808579413,0.8155235829,19.1784938621,0.0222728030,-0.9932165296,0.1141264542,-0.6604340904,0.0000000000,0.0000000000,0.0000000000,1.0000000000
0.5755055114,0.1196996785,0.8089903543,-4.9056829133,-0.8171883910,0.0459874546,0.5745331040,19.5851862068,0.0315680206,-0.9917444938,0.1242832213,-0.6857764310,0.0000000000,0.0000000000,0.0000000000,1.0000000000
0.4950783241,0.1243766947,0.8598999307,-4.6237098453,-0.8683978220,0.0389665996,0.4943347316,19.7389907744,0.0279763437,-0.9914696374,0.1272999696,-0.6871866938,0.0000000000,0.0000000000,0.0000000000,1.0000000000
0.4111745296,0.1357485030,0.9013921734,-4.3598973112,-0.9110074589,0.0268751455,0.4115132276,19.8540773448,0.0316372588,-0.9903787510,0.1347182740,-0.7132442006,0.0000000000,0.0000000000,0.0000000000,1.0000000000
0.3613225609,0.1376713787,0.9222215560,-4.1827923924,-0.9319511664,0.0212693603,0.3619594421,19.9208277710,0.0302163929,-0.9902495674,0.1359881017,-0.7045134190,0.0000000000,0.0000000000,0.0000000000,1.0000000000
0.1928643135,0.1446651586,0.9705026267,-3.5130982578,-0.9807440020,-0.0025588080,0.1952809646,20.0991245404,0.0307336816,-0.9894773592,0.1413859838,-0.6986190934,0.0000000000,0.0000000000,0.0000000000,1.0000000000
0.1452248526,0.1468868274,0.9784344649,-3.2865301560,-0.9887033413,-0.0155239562,0.1490795417,20.1485649479,0.0370869947,-0.9890314791,0.1429730328,-0.6975830614,0.0000000000,0.0000000000,0.0000000000,1.0000000000
0.0960876287,0.1494762269,0.9840853750,-2.9959768786,-0.9947333702,-0.0210138731,0.1003191874,20.1833158575,0.0356747788,-0.9885419944,0.1466698177,-0.7080867370,0.0000000000,0.0000000000,0.0000000000,1.0000000000
0.0686799663,0.1505183647,0.9862186797,-2.8263700674,-0.9970716128,-0.0229717350,0.0729417464,20.1965041119,0.0336342265,-0.9883402862,0.1484998906,-0.7090357665,0.0000000000,0.0000000000,0.0000000000,1.0000000000
-0.0008399967,0.1504082473,0.9886236157,-2.2798131695,-0.9992726110,-0.0378179123,0.0049045361,20.2462593503,0.0381253639,-0.9879003819,0.1503306089,-0.6731836537,0.0000000000,0.0000000000,0.0000000000,1.0000000000
-0.0696913703,0.1518204289,0.9859481073,-1.4362237358,-0.9969973111,-0.0440444894,-0.0636902237,20.2533245279,0.0337561038,-0.9874262708,0.1544340802,-0.6730958650,0.0000000000,0.0000000000,0.0000000000,1.0000000000
-0.1023573250,0.1447012582,0.9841669187,-1.0482645267,-0.9941250733,-0.0498793684,-0.0960592904,20.2283929042,0.0351897241,-0.9882173822,0.1489566676,-0.6940824009,0.0000000000,0.0000000000,0.0000000000,1.0000000000
-0.1200866979,0.1453331387,0.9820679527,-0.8297651513,-0.9921196975,-0.0531858525,-0.1134450128,20.2186602719,0.0357448015,-0.9879521972,0.1505747830,-0.6827393345,0.0000000000,0.0000000000,0.0000000000,1.0000000000
-0.1419356818,0.1532812338,0.9779361562,-0.3885369542,-0.9894570323,-0.0507060414,-0.1356601584,20.1748189744,0.0287931148,-0.9868808240,0.1588621913,-0.6855298521,0.0000000000,0.0000000000,0.0000000000,1.0000000000
-0.1576986984,0.1553553086,0.9751901602,-0.1140080501,-0.9869610473,-0.0570322022,-0.1505165076,20.1450368418,0.0322337039,-0.9862109592,0.1623235421,-0.6906839876,0.0000000000,0.0000000000,0.0000000000,1.0000000000
-0.1687989666,0.1561595184,0.9732014764,0.4044193415,-0.9850905419,-0.0600055383,-0.1612326258,20.1062667602,0.0332194693,-0.9859074704,0.1639601375,-0.6841936670,0.0000000000,0.0000000000,0.0000000000,1.0000000000
-0.1686004075,0.1558532697,0.9732849844,0.5502600068,-0.9851804466,-0.0582185253,-0.1613384361,20.0888426452,0.0315180937,-0.9860630617,0.1633592610,-0.6794161998,0.0000000000,0.0000000000,0.0000000000,1.0000000000
-0.1625779236,0.1542461859,0.9745647915,0.8734385968,-0.9862450826,-0.0552511037,-0.1557817468,20.0639744310,0.0298170401,-0.9864864062,0.1611071521,-0.6652678722,0.0000000000,0.0000000000,0.0000000000,1.0000000000
-0.1607845787,0.1494474108,0.9756094458,1.8325765199,-0.9864594795,-0.0567231700,-0.1538836484,19.9975415284,0.0323421477,-0.9871413037,0.1565440261,-0.6560270821,0.0000000000,0.0000000000,0.0000000000,1.0000000000
-0.1756866846,0.1435287332,0.9739269437,2.3027847074,-0.9839616532,-0.0566358947,-0.1691503489,19.9504844661,0.0308812885,-0.9880242295,0.1511769422,-0.6600861893,0.0000000000,0.0000000000,0.0000000000,1.0000000000
-0.1916737780,0.1434371050,0.9709206763,2.6322205610,-0.9809077381,-0.0611394371,-0.1846130509,19.9103034026,0.0328811821,-0.9877690854,0.1524173931,-0.6668189274,0.0000000000,0.0000000000,0.0000000000,1.0000000000
-0.2175248502,0.1459301000,0.9650841131,3.2838449309,-0.9754701127,-0.0667210657,-0.2097769258,19.8247840285,0.0337786727,-0.9870424030,0.1568639409,-0.6464484575,0.0000000000,0.0000000000,0.0000000000,1.0000000000
-0.2220426514,0.1455652192,0.9641098630,3.4082854731,-0.9744190577,-0.0683246274,-0.2141010166,19.8079531936,0.0347067858,-0.9869865816,0.1570125051,-0.6480794679,0.0000000000,0.0000000000,0.0000000000,1.0000000000
-0.2222953215,0.1427692797,0.9644696588,3.8276816314,-0.9743669426,-0.0675877949,-0.2145715524,19.7451575524,0.0345521515,-0.9874456050,0.1541341172,-0.6469863454,0.0000000000,0.0000000000,0.0000000000,1.0000000000
-0.2207627156,0.1438359637,0.9646631738,4.3822613698,-0.9746558820,-0.0692344874,-0.2127263439,19.6665289624,0.0361902617,-0.9871766819,0.1554749615,-0.6531385985,0.0000000000,0.0000000000,0.0000000000,1.0000000000
-0.2082200034,0.1473179324,0.9669239148,5.2176061568,-0.9774709441,-0.0662823222,-0.2003926324,19.5697112606,0.0345685342,-0.9868657865,0.1578003039,-0.6229207765,0.0000000000,0.0000000000,0.0000000000,1.0000000000
-0.2057957854,0.1491838130,0.9671568046,5.4992662451,-0.9779275188,-0.0678470728,-0.1976222220,19.5367148041,0.0361367215,-0.9864790746,0.1598535977,-0.6268367925,0.0000000000,0.0000000000,0.0000000000,1.0000000000
-0.1948505621,0.1479897390,0.9696041953,5.7364464912,-0.9802808495,-0.0625464137,-0.1874497325,19.5055787799,0.0329046282,-0.9870091100,0.1572587110,-0.6275185343,0.0000000000,0.0000000000,0.0000000000,1.0000000000
-0.1894913451,0.1475254976,0.9707364512,5.9901284376,-0.9812224040,-0.0646942986,-0.1817064708,19.4799181661,0.0359947763,-0.9869401579,0.1570143330,-0.6304800554,0.0000000000,0.0000000000,0.0000000000,1.0000000000
-0.1539533456,0.1469209257,0.9770939612,6.7687287426,-0.9873507156,-0.0608128043,-0.1464252959,19.4217536095,0.0379068839,-0.9872770859,0.1544248158,-0.6338525527,0.0000000000,0.0000000000,0.0000000000,1.0000000000
-0.1408753202,0.1466156782,0.9791108145,7.0950574909,-0.9894364243,-0.0550147005,-0.1341228730,19.3981721131,0.0342009722,-0.9876625059,0.1528171059,-0.6438130419,0.0000000000,0.0000000000,0.0000000000,1.0000000000
-0.1399879158,0.1486415325,0.9789326219,7.3265347239,-0.9896822658,-0.0514943079,-0.1337062040,19.3809363740,0.0305351628,-0.9875495082,0.1543164696,-0.6431211514,0.0000000000,0.0000000000,0.0000000000,1.0000000000
-0.1446998098,0.1562788522,0.9770562345,7.6126135753,-0.9890457215,-0.0519481478,-0.1381663881,19.3674198771,0.0291637771,-0.9863459385,0.1620838172,-0.6326909815,0.0000000000,0.0000000000,0.0000000000,1.0000000000
-0.1564968401,0.1491701440,0.9763488143,8.0949242333,-0.9873256661,-0.0500465428,-0.1506100020,19.3296921890,0.0263963670,-0.9875442328,0.1551116376,-0.6138440925,0.0000000000,0.0000000000,0.0000000000,1.0000000000
-0.1691401970,0.1426774551,0.9752100992,8.4209963851,-0.9852199842,-0.0516597055,-0.1633182706,19.3001591350,0.0270772313,-0.9884201630,0.1493064128,-0.6128053335,0.0000000000,0.0000000000,0.0000000000,1.0000000000
-0.1896533891,0.1516272404,0.9700725602,8.8218826362,-0.9816160217,-0.0509001513,-0.1839542351,19.2293475529,0.0214843671,-0.9871263114,0.1584931147,-0.6403461744,0.0000000000,0.0000000000,0.0000000000,1.0000000000
-0.2499510267,0.1536481017,0.9559899294,9.3390503797,-0.9678277325,-0.0690930647,-0.2419413742,19.1464628977,0.0288784411,-0.9857070606,0.1659747763,-0.6116669140,0.0000000000,0.0000000000,0.0000000000,1.0000000000
-0.2699914449,0.1503560174,0.9510508334,9.6805595981,-0.9624741639,-0.0702014961,-0.2621359070,19.0680614319,0.0273514803,-0.9861363080,0.1636675855,-0.6244536449,0.0000000000,0.0000000000,0.0000000000,1.0000000000
-0.2912928806,0.1493195303,0.9449085329,9.9727195052,-0.9562405614,-0.0737715564,-0.2831284978,19.0018082160,0.0274307588,-0.9860331817,0.1642745207,-0.6140755831,0.0000000000,0.0000000000,0.0000000000,1.0000000000
-0.3001002781,0.1495407871,0.9421132501,10.0939556925,-0.9535193613,-0.0752036818,-0.2917965623,18.9693903146,0.0272148975,-0.9858914541,0.1651586816,-0.6183619901,0.0000000000,0.0000000000,0.0000000000,1.0000000000
-0.4368570425,0.1438926625,0.8879475357,11.0143366073,-0.8993591970,-0.0891569243,-0.4280234546,18.6383623831,0.0175772367,-0.9855688431,0.1683600197,-0.5965897210,0.0000000000,0.0000000000,0.0000000000,1.0000000000
-0.4713746867,0.1393460562,0.8708550863,11.1573372291,-0.8818545469,-0.0876456246,-0.4633042225,18.5556120883,0.0117670218,-0.9863574003,0.1641968821,-0.5854563024,0.0000000000,0.0000000000,0.0000000000,1.0000000000
-0.6038157244,0.1243339986,0.7873675303,11.5905812141,-0.7971033629,-0.1012764775,-0.5952892608,18.2420318165,0.0057271158,-0.9870583224,0.1602593781,-0.5846736844,0.0000000000,0.0000000000,0.0000000000,1.0000000000
-0.6960521222,0.1129655876,0.7090488130,11.8631722152,-0.7179753387,-0.1160870295,-0.6863200526,17.9773252689,0.0047808224,-0.9867940908,0.1619091293,-0.5813239699,0.0000000000,0.0000000000,0.0000000000,1.0000000000
-0.7313373154,0.1102645796,0.6730434263,11.9694567681,-0.6820041192,-0.1240446727,-0.7207518995,17.8583474063,0.0040140464,-0.9861311483,0.1659193954,-0.5768349487,0.0000000000,0.0000000000,0.0000000000,1.0000000000
-0.7529417933,0.1080234897,0.6491606747,12.0306874502,-0.6580689451,-0.1309211985,-0.7414883028,17.7929578666,0.0048907395,-0.9854900129,0.1696629459,-0.5699325017,0.0000000000,0.0000000000,0.0000000000,1.0000000000
-0.7767914574,0.1039068929,0.6211267095,12.1039817010,-0.6297360030,-0.1363898358,-0.7647420344,17.7037548871,0.0052534012,-0.9851909309,0.1713803707,-0.5681470092,0.0000000000,0.0000000000,0.0000000000,1.0000000000
-0.9381337660,0.0544288883,0.3419686143,12.6750838767,-0.3461759189,-0.1708106830,-0.9224889938,16.6384108884,0.0082018422,-0.9837993732,0.1790852398,-0.5230981936,0.0000000000,0.0000000000,0.0000000000,1.0000000000
-0.9584544461,0.0445474233,0.2817456334,12.7645179942,-0.2851258055,-0.1782488122,-0.9417699486,16.3542294805,0.0082674000,-0.9829765450,0.1835449865,-0.5135535227,0.0000000000,0.0000000000,0.0000000000,1.0000000000
-0.9758957446,0.0372868328,0.2150283417,12.8773826660,-0.2182203004,-0.1790016358,-0.9593426473,15.9336919597,0.0027195760,-0.9831419564,0.1828236786,-0.4965714890,0.0000000000,0.0000000000,0.0000000000,1.0000000000
-0.9929023090,0.0166144661,0.1177665666,12.9990499628,-0.1188008670,-0.1851736718,-0.9754983676,15.3801674735,0.0055998830,-0.9825653519,0.1858331793,-0.4742250270,0.0000000000,0.0000000000,0.0000000000,1.0000000000
-0.9964687786,0.0106873150,0.0832811772,13.0343369444,-0.0837847019,-0.1913705951,-0.9779352837,15.0417557447,0.0054860660,-0.9814596663,0.1915902566,-0.4685919579,0.0000000000,0.0000000000,0.0000000000,1.0000000000
-0.9979774808,0.0057602350,0.0633069315,13.0676799335,-0.0632286193,-0.1927861063,-0.9792015415,14.7895175271,0.0065642659,-0.9812238975,0.1927604044,-0.4514651107,0.0000000000,0.0000000000,0.0000000000,1.0000000000
-0.9989170527,0.0025102057,0.0464588068,13.1452662467,-0.0460923584,-0.1894935730,-0.9807995107,14.2363275980,0.0063416367,-0.9818787525,0.1894040628,-0.4267770978,0.0000000000,0.0000000000,0.0000000000,1.0000000000
-0.9995804973,0.0006202448,0.0289559113,13.1710645644,-0.0285565941,-0.1879121287,-0.9817706213,13.9813444805,0.0048322288,-0.9821856480,0.1878510111,-0.4245102238,0.0000000000,0.0000000000,0.0000000000,1.0000000000
-0.9997286162,-0.0013025350,0.0232593507,13.1776752533,-0.0226028266,-0.1874772580,-0.9820088543,13.9133392204,0.0056397002,-0.9822680801,0.1873969388,-0.4220925084,0.0000000000,0.0000000000,0.0000000000,1.0000000000
-0.9998378784,-0.0033971111,0.0176826635,13.1833995118,-0.0167355726,-0.1870147344,-0.9822145436,13.8497508504,0.0066436105,-0.9823512349,0.1869275627,-0.4205328425,0.0000000000,0.0000000000,0.0000000000,1.0000000000
-0.9999873683,-0.0033092346,0.0037831405,13.1897674081,-0.0031132616,-0.1831054878,-0.9830883419,13.6561219018,0.0039459837,-0.9830877017,0.1830928724,-0.4159420919,0.0000000000,0.0000000000,0.0000000000,1.0000000000
-0.9924616671,-0.0200480713,-0.1209045664,13.1869052303,0.1225500480,-0.1716094586,-0.9775130073,12.7293457462,-0.0011511167,-0.9849610493,0.1727727014,-0.3654046908,0.0000000000,0.0000000000,0.0000000000,1.0000000000
-0.9880098584,-0.0230542566,-0.1526598213,13.1616891836,0.1543457831,-0.1713672807,-0.9730419489,12.5462819521,-0.0037281397,-0.9849374378,0.1728708900,-0.3540134238,0.0000000000,0.0000000000,0.0000000000,1.0000000000
-0.9791912672,-0.0274735505,-0.2010712964,13.1102796238,0.2028336161,-0.1645014914,-0.9652967334,12.2966704160,-0.0065563996,-0.9859941498,0.1666509834,-0.3570006430,0.0000000000,0.0000000000,0.0000000000,1.0000000000
-0.9685409275,-0.0341165758,-0.2465046266,13.0322273666,0.2487556412,-0.1606215435,-0.9551551449,11.9569589424,-0.0070073307,-0.9864262664,0.1640552294,-0.3536915823,0.0000000000,0.0000000000,0.0000000000,1.0000000000
-0.9671340585,-0.0357311827,-0.2517439084,12.9900309282,0.2541720672,-0.1629109610,-0.9533396976,11.6861935602,-0.0069478872,-0.9859935605,0.1666386074,-0.3432067998,0.0000000000,0.0000000000,0.0000000000,1.0000000000
-0.9760690325,-0.0282222287,-0.2156217743,12.9567966456,0.2173991227,-0.1502722813,-0.9644458839,11.5006785666,-0.0051831637,-0.9882417454,0.1528116080,-0.3653067716,0.0000000000,0.0000000000,0.0000000000,1.0000000000
-0.9880086667,-0.0186420496,-0.1532688762,12.9502754815,0.1543441063,-0.1455801306,-0.9772329929,11.2051979062,-0.0040952771,-0.9891708141,0.1467117212,-0.3666327937,0.0000000000,0.0000000000,0.0000000000,1.0000000000
-0.9741865671,-0.0116419618,-0.2254440000,12.9456643659,0.2254343272,-0.1024960681,-0.9688518567,11.1061693459,-0.0118277873,-0.9946652808,0.1024747906,-0.4015709514,0.0000000000,0.0000000000,0.0000000000,1.0000000000
-0.9809675496,-0.0228259075,-0.1928254253,12.9559068950,0.1941558142,-0.1280292448,-0.9725800904,11.1616233044,-0.0024872704,-0.9915076855,0.1300243172,-0.4000745463,0.0000000000,0.0000000000,0.0000000000,1.0000000000
-0.9809170981,-0.0213175300,-0.1932542616,12.9666989710,0.1943074472,-0.1422573297,-0.9705706920,11.1965497127,-0.0068016653,-0.9896001289,0.1436848018,-0.3571139815,0.0000000000,0.0000000000,0.0000000000,1.0000000000
-0.9811443448,-0.0222939876,-0.1919863347,12.9650895774,0.1931753622,-0.1452313264,-0.9703561930,11.1920461891,-0.0062493211,-0.9891465210,0.1467995438,-0.3790103213,0.0000000000,0.0000000000,0.0000000000,1.0000000000
-0.9813965026,-0.0215461688,-0.1907791060,12.9672198506,0.1918921713,-0.1421095741,-0.9710727386,11.1976900005,-0.0061886404,-0.9896164063,0.1436003801,-0.3520664302,0.0000000000,0.0000000000,0.0000000000,1.0000000000
-0.9837961450,-0.0119739300,-0.1788903859,12.9652541825,0.1788673918,-0.1340686274,-0.9746958804,11.1922385139,-0.0123126483,-0.9908997064,0.1340379444,-0.2678478817,0.0000000000,0.0000000000,0.0000000000,1.0000000000
-0.9851561447,-0.0061606879,-0.1715500410,12.9637573649,0.1709015587,-0.1290767387,-0.9767967305,11.1885307580,-0.0161253800,-0.9916154706,0.1282136134,-0.2163076898,0.0000000000,0.0000000000,0.0000000000,1.0000000000
-0.9829244417,-0.0100163689,-0.1837368071,12.9619086595,0.1833234954,-0.1394535168,-0.9731110999,11.1850630784,-0.0158757041,-0.9901779582,0.1389085059,-0.2500450767,0.0000000000,0.0000000000,0.0000000000,1.0000000000
-0.9768115834,-0.0277815782,-0.2122906366,12.9609024606,0.2139364794,-0.1654873007,-0.9627279658,11.1485076436,-0.0083853021,-0.9858205401,0.1675934053,-0.3140208926,0.0000000000,0.0000000000,0.0000000000,1.0000000000
